l <- list(
  AFG = list( # Afghanistan
    c("2020-03-18", "2020-04-02"),
    c("2020-04-20", "2020-06-01"),
    c("2020-09-28", "2020-10-12"),
    c("2020-11-02", "2020-11-21"),
    c("2021-03-12", "2021-04-22")
  ),
  AGO = list( # Angola
    c("2020-06-12", "2020-07-25"),
    c("2020-10-01", "2020-10-31")
  ),
  ALB = list( # Albania
    c("2020-03-01", "2020-03-27"),
    c("2020-06-03", "2020-06-18"),
    c("2020-06-21", "2020-08-28"),
    c("2020-10-28", "2020-11-23"),
    c("2021-01-31", "2021-02-09")
  ),
  AND = list( # Andorra
    c("2020-03-09", "2020-03-30"),
    c("2020-08-10", "2020-10-28"),
    c("2021-02-27", "2021-04-07")
  ),
  ARE = list( # United Arab Emirates
    c("2020-03-14", "2020-04-10"),
    c("2020-05-04", "2020-05-23"),
    c("2020-08-08", "2020-09-19"),
    c("2020-12-25", "2021-01-15")
  ),
  AUS = list( # Australia
    c("2020-03-04", "2020-03-28"),
    c("2020-06-12", "2020-07-20")
  ),
  AUT = list( # Austria
    c("2020-02-25", "2020-03-27"),
    c("2020-06-21", "2020-07-06"),
    c("2020-08-03", "2020-08-23"),
    c("2020-08-31", "2020-09-20"),
    c("2020-10-15", "2020-11-12"),
    c("2021-02-08", "2021-03-27")
  ),
  AZE = list( # Azerbaijan
    c("2020-03-08", "2020-04-11"),
    c("2020-04-29", "2020-05-18"),
    c("2020-05-22", "2020-06-08"),
    c("2020-08-10", "2020-08-24"),
    c("2020-10-02", "2020-10-25"),
    c("2020-11-09", "2020-11-29"),
    c("2021-03-04", "2021-04-05")
  ),
  BDI = list( # Burundi
    c("2020-12-19", "2021-01-22")
  ),
  BEL = list( # Belgium
    c("2020-03-01", "2020-04-01"),
    c("2020-07-01", "2020-08-09"),
    c("2020-09-01", "2020-09-27"),
    c("2020-09-28", "2020-10-25"),
    c("2021-03-05", "2021-03-28")
  ),
  BEN = list( # Benin
    c("2020-05-26", "2020-06-27"),
    c("2020-12-16", "2021-02-21")
  ),
  BFA = list( # Burkina Faso
    c("2020-03-05", "2020-03-27"),
    c("2020-11-08", "2020-12-27")
  ),
  BGD = list( # Bangladesh
    c("2020-03-27", "2020-04-10"),
    c("2020-04-20", "2020-06-20"),
    c("2020-11-07", "2020-11-25"),
    c("2021-03-03", "2021-04-10")
  ),
  BGR = list( # Bulgaria
    c("2020-03-01", "2020-03-21"),
    c("2020-04-04", "2020-05-02"),
    c("2020-05-28", "2020-06-13"),
    c("2020-06-15", "2020-07-24"),
    c("2020-10-01", "2020-11-07"),
    c("2021-01-19", "2021-02-13"),
    c("2021-02-14", "2021-03-28")
  ),
  BHR = list( # Bahrain
    c("2020-02-10", "2020-05-15"),
    c("2020-08-27", "2020-09-09"),
    c("2020-12-15", "2021-01-10"),
    c("2021-01-20", "2021-02-14"),
    c("2021-03-14", "2021-04-13")
  ),
  BHS = list( # Bahamas
    c("2020-07-01", "2020-07-28")
  ),
  BIH = list( # Bosnia and Herzegovina
    c("2020-03-01", "2020-04-02"),
    c("2020-05-31", "2020-07-12"),
    c("2020-10-08", "2020-11-01"),
    c("2021-02-11", "2021-03-25")
  ),
  BLR = list( # Belarus
    c("2020-03-21", "2020-04-12"),
    c("2020-09-13", "2020-10-28"),
    c("2020-11-08", "2020-11-29")
  ),
  BLZ = list( # Belize
    c("2020-07-23", "2020-08-15"),
    c("2020-11-20", "2020-12-12")
  ),
  BOL = list( # Bolivia
    c("2020-04-01", "2020-06-05"),
    c("2020-06-15", "2020-07-25"),
    c("2020-11-29", "2021-01-16")
  ),
  BRA = list( # Brazil
    c("2020-02-28", "2020-03-24"),
    c("2020-04-04", "2020-05-11"),
    c("2020-11-04", "2020-12-06"),
    c("2021-02-16", "2021-03-28")
  ),
  BRB = list( # Barbados
    c("2020-12-17", "2021-01-15"),
    c("2021-01-31", "2021-02-20")
  ),
  BWA = list( # Botswana
    c("2020-06-20", "2020-11-30")
  ),
  CAF = list( # Central African Republic
    c("2020-04-20", "2020-06-10"),
    c("2021-03-06", "2021-04-23")
  ),
  CAN = list( # Canada
    c("2020-03-05", "2020-03-30"),
    c("2020-08-20", "2020-10-17"),
    c("2020-11-07", "2020-12-12"),
    c("2021-03-22", "2021-04-13")
  ),
  CHE = list( # Switzerland
    c("2020-02-25", "2020-03-25"),
    c("2020-06-08", "2020-07-13"),
    c("2020-07-17", "2020-09-17"),
    c("2020-09-30", "2020-11-02"),
    c("2021-03-05", "2021-04-02")
  ),
  CHL = list( # Chile
    c("2020-03-02", "2020-03-28"),
    c("2020-04-22", "2020-06-01"),
    c("2020-12-16", "2021-01-27"),
    c("2021-02-22", "2021-04-03")
  ),
  CHN = list( # China
    c("2020-01-15", "2020-02-05"),
    c("2020-03-11", "2020-03-24"),
    c("2020-07-06", "2020-08-02"),
    c("2020-11-16", "2020-11-24"),
    c("2021-01-04", "2021-01-20")
  ),
  CIV = list( # Côte d'Ivoire
    c("2020-03-05", "2020-04-19"),
    c("2020-05-21", "2020-06-21"),
    c("2020-12-22", "2021-01-17"),
    c("2021-02-22", "2021-03-20")
  ),
  CMR = list( # Cameroon
    c("2020-03-14", "2020-04-01"),
    c("2020-04-18", "2020-07-07"),
    c("2020-09-27", "2021-02-20")
  ),
  COD = list( # Congo - Kinshasa
    c("2020-03-05", "2020-04-04"),
    c("2020-04-20", "2020-05-30"),
    c("2020-11-08", "2020-12-08")
  ),
  COG = list( # Congo - Brazzaville
    c("2020-03-27", "2020-08-11"),
    c("2020-09-30", "2020-12-31")
  ),
  COL = list( # Colombia
    c("2020-03-01", "2020-04-01"),
    c("2020-05-10", "2020-08-06"),
    c("2020-12-09", "2020-12-25"),
    c("2021-03-13", "2021-04-22")
  ),
  COM = list( # Comoros
    c("2020-11-27", "2021-01-25")
  ),
  CPV = list( # Cape Verde
    c("2020-06-07", "2020-11-02"),
    c("2020-12-26", "2021-01-17"),
    c("2021-03-10", "2021-04-25")
  ),
  CRI = list( # Costa Rica
    c("2020-03-01", "2020-03-29"),
    c("2020-05-20", "2020-07-21"),
    c("2020-08-02", "2020-09-15")
  ),
  CUB = list( # Cuba
    c("2020-03-10", "2020-04-10"),
    c("2020-07-17", "2020-08-08"),
    c("2020-10-11", "2020-10-21"),
    c("2020-11-16", "2020-12-08"),
    c("2020-12-11", "2020-12-29"),
    c("2020-12-30", "2021-01-16"),
    c("2021-01-17", "2021-02-03"),
    c("2021-03-21", "2021-04-05")
  ),
  CYP = list( # Cyprus
    c("2020-03-01", "2020-04-04"),
    c("2020-07-01", "2020-08-12"),
    c("2020-09-05", "2020-11-09"),
    c("2021-02-20", "2021-03-03"),
    c("2021-03-27", "2021-04-25")
  ),
  CZE = list( # Czechia
    c("2020-03-01", "2020-03-29"),
    c("2020-08-21", "2020-09-21"),
    c("2020-09-28", "2020-10-25"),
    c("2020-12-03", "2021-01-10"),
    c("2021-02-01", "2021-03-09")
  ),
  DEU = list( # Germany
    c("2020-02-15", "2020-03-20"),
    c("2020-07-10", "2020-08-23"),
    c("2020-10-01", "2020-11-08"),
    c("2021-03-06", "2021-04-01")
  ),
  DJI = list( # Djibouti
    c("2020-03-15", "2020-04-19"),
    c("2020-05-03", "2020-05-28"),
    c("2021-02-23", "2021-04-06")
  ),
  DNK = list( # Denmark
    c("2020-07-10", "2020-08-16"),
    c("2020-08-28", "2020-09-24"),
    c("2020-10-18", "2020-10-31"),
    c("2020-11-28", "2020-12-20")
  ),
  DOM = list( # Dominican Republic
    c("2020-03-01", "2020-03-28"),
    c("2020-06-02", "2020-07-30"),
    c("2020-10-25", "2021-01-15")
  ),
  DZA = list( # Algeria
    c("2020-03-06", "2020-03-24"),
    c("2020-04-04", "2020-05-21"),
    c("2020-06-22", "2020-07-05"),
    c("2020-10-06", "2020-10-28"),
    c("2020-10-30", "2020-11-20"),
    c("2021-04-02", "2021-04-28")
  ),
  ECU = list( # Ecuador
    c("2020-03-06", "2020-03-23"),
    c("2020-05-29", "2020-08-08")
  ),
  EGY = list( # Egypt
    c("2020-02-25", "2020-03-26"),
    c("2020-03-28", "2020-04-07"),
    c("2020-04-19", "2020-05-12"),
    c("2020-05-14", "2020-06-07"),
    c("2020-10-27", "2020-11-12"),
    c("2020-11-14", "2020-11-22"),
    c("2020-12-18", "2021-01-01")
  ),
  ERI = list( # Eritrea
    c("2020-10-17", "2021-01-15")
  ),
  ESP = list( # Spain
    c("2020-02-22", "2020-03-16"),
    c("2020-07-03", "2020-08-07"),
    c("2020-10-09", "2020-11-04"),
    c("2020-12-20", "2021-01-26"),
    c("2021-03-14", "2021-04-27")
  ),
  EST = list( # Estonia
    c("2020-02-25", "2020-04-05"),
    c("2020-07-20", "2020-10-06"),
    c("2020-10-17", "2020-11-14"),
    c("2020-11-15", "2020-12-26"),
    c("2021-02-10", "2021-03-10")
  ),